2017/06/15-09:48:27.815163 10c0 RocksDB version: 4.13.4
2017/06/15-09:48:27.815281 10c0 Git sha rocksdb_build_git_sha:8e68ffb872f3ead8b0fc3bb6353c04008a049d8d
2017/06/15-09:48:27.815329 10c0 Compile date Dec 14 2016
2017/06/15-09:48:27.815365 10c0 DB SUMMARY
2017/06/15-09:48:27.816213 10c0 CURRENT file:  CURRENT
2017/06/15-09:48:27.816269 10c0 IDENTITY file:  IDENTITY
2017/06/15-09:48:27.816395 10c0 MANIFEST file:  MANIFEST-000047 size: 336 Bytes
2017/06/15-09:48:27.816440 10c0 SST files in C:\Users\jlanio\Geogig-Desktop\app\tmp\.\Rio_de_janeiro\.geogig\graph.rocksdb dir, Total Num: 3, files: 000016.sst 000028.sst 000043.sst 
2017/06/15-09:48:27.816479 10c0 Write Ahead Log file in C:\Users\jlanio\Geogig-Desktop\app\tmp\.\Rio_de_janeiro\.geogig\graph.rocksdb: 000048.log size: 0 ; 
2017/06/15-09:48:27.816891 10c0                         Options.error_if_exists: 0
2017/06/15-09:48:27.816913 10c0                       Options.create_if_missing: 1
2017/06/15-09:48:27.816926 10c0                         Options.paranoid_checks: 1
2017/06/15-09:48:27.816938 10c0                                     Options.env: 00000000007054B0
2017/06/15-09:48:27.816949 10c0                                Options.info_log: 000000001DE74AA0
2017/06/15-09:48:27.816962 10c0                          Options.max_open_files: -1
2017/06/15-09:48:27.816973 10c0                Options.max_file_opening_threads: 16
2017/06/15-09:48:27.816987 10c0                      Options.max_total_wal_size: 0
2017/06/15-09:48:27.817000 10c0                         Options.disableDataSync: 0
2017/06/15-09:48:27.817011 10c0                               Options.use_fsync: 0
2017/06/15-09:48:27.817022 10c0                       Options.max_log_file_size: 0
2017/06/15-09:48:27.817033 10c0                  Options.max_manifest_file_size: 18446744073709551615
2017/06/15-09:48:27.817048 10c0                   Options.log_file_time_to_roll: 0
2017/06/15-09:48:27.817056 10c0                       Options.keep_log_file_num: 1000
2017/06/15-09:48:27.817064 10c0                    Options.recycle_log_file_num: 0
2017/06/15-09:48:27.817070 10c0                         Options.allow_os_buffer: 1
2017/06/15-09:48:27.817077 10c0                        Options.allow_mmap_reads: 1
2017/06/15-09:48:27.817084 10c0                         Options.allow_fallocate: 1
2017/06/15-09:48:27.817090 10c0                       Options.allow_mmap_writes: 1
2017/06/15-09:48:27.817097 10c0          Options.create_missing_column_families: 0
2017/06/15-09:48:27.817104 10c0                              Options.db_log_dir: 
2017/06/15-09:48:27.817111 10c0                                 Options.wal_dir: C:\Users\jlanio\Geogig-Desktop\app\tmp\.\Rio_de_janeiro\.geogig\graph.rocksdb
2017/06/15-09:48:27.817118 10c0                Options.table_cache_numshardbits: 6
2017/06/15-09:48:27.817124 10c0     Options.delete_obsolete_files_period_micros: 21600000000
2017/06/15-09:48:27.817131 10c0                      Options.max_subcompactions: 1
2017/06/15-09:48:27.817138 10c0                  Options.max_background_flushes: 1
2017/06/15-09:48:27.817145 10c0                         Options.WAL_ttl_seconds: 0
2017/06/15-09:48:27.817152 10c0                       Options.WAL_size_limit_MB: 0
2017/06/15-09:48:27.817158 10c0             Options.manifest_preallocation_size: 4194304
2017/06/15-09:48:27.817165 10c0                         Options.allow_os_buffer: 1
2017/06/15-09:48:27.817172 10c0                        Options.allow_mmap_reads: 1
2017/06/15-09:48:27.817178 10c0                       Options.allow_mmap_writes: 1
2017/06/15-09:48:27.817185 10c0                     Options.is_fd_close_on_exec: 1
2017/06/15-09:48:27.817191 10c0                   Options.stats_dump_period_sec: 600
2017/06/15-09:48:27.817198 10c0                   Options.advise_random_on_open: 1
2017/06/15-09:48:27.817205 10c0                    Options.db_write_buffer_size: 0
2017/06/15-09:48:27.817212 10c0         Options.access_hint_on_compaction_start: 1
2017/06/15-09:48:27.817218 10c0  Options.new_table_reader_for_compaction_inputs: 0
2017/06/15-09:48:27.817225 10c0               Options.compaction_readahead_size: 0
2017/06/15-09:48:27.817280 10c0           Options.random_access_max_buffer_size: 1048576
2017/06/15-09:48:27.817294 10c0           Options.writable_file_max_buffer_size: 1048576
2017/06/15-09:48:27.817301 10c0                      Options.use_adaptive_mutex: 0
2017/06/15-09:48:27.817308 10c0                            Options.rate_limiter: 0000000000000000
2017/06/15-09:48:27.817319 10c0     Options.sst_file_manager.rate_bytes_per_sec: 0
2017/06/15-09:48:27.817331 10c0                          Options.bytes_per_sync: 67108864
2017/06/15-09:48:27.817345 10c0                      Options.wal_bytes_per_sync: 0
2017/06/15-09:48:27.817356 10c0                       Options.wal_recovery_mode: 2
2017/06/15-09:48:27.817368 10c0                  Options.enable_thread_tracking: 0
2017/06/15-09:48:27.817379 10c0                     Options.delayed_write_rate : 2097152
2017/06/15-09:48:27.817391 10c0         Options.allow_concurrent_memtable_write: 0
2017/06/15-09:48:27.817402 10c0      Options.enable_write_thread_adaptive_yield: 0
2017/06/15-09:48:27.817414 10c0             Options.write_thread_max_yield_usec: 100
2017/06/15-09:48:27.817427 10c0            Options.write_thread_slow_yield_usec: 3
2017/06/15-09:48:27.817438 10c0                               Options.row_cache: None
2017/06/15-09:48:27.817449 10c0                              Options.wal_filter: None
2017/06/15-09:48:27.817460 10c0             Options.avoid_flush_during_recovery: 0
2017/06/15-09:48:27.817471 10c0             Options.base_background_compactions: 1
2017/06/15-09:48:27.817483 10c0              Options.max_background_compactions: 1
2017/06/15-09:48:27.817494 10c0 Compression algorithms supported:
2017/06/15-09:48:27.817501 10c0 	Snappy supported: 0
2017/06/15-09:48:27.817508 10c0 	Zlib supported: 0
2017/06/15-09:48:27.817514 10c0 	Bzip supported: 0
2017/06/15-09:48:27.817521 10c0 	LZ4 supported: 0
2017/06/15-09:48:27.817528 10c0 Fast CRC32 supported: 0
2017/06/15-09:48:27.818985 10c0 Recovering from manifest file: MANIFEST-000047
2017/06/15-09:48:27.819199 10c0 --------------- Options for column family [default]:
2017/06/15-09:48:27.819221 10c0               Options.comparator: rocksdb.InternalKeyComparator:leveldb.BytewiseComparator
2017/06/15-09:48:27.819236 10c0           Options.merge_operator: None
2017/06/15-09:48:27.819249 10c0        Options.compaction_filter: None
2017/06/15-09:48:27.819261 10c0        Options.compaction_filter_factory: None
2017/06/15-09:48:27.819274 10c0         Options.memtable_factory: SkipListFactory
2017/06/15-09:48:27.819287 10c0            Options.table_factory: BlockBasedTable
2017/06/15-09:48:27.819344 10c0            table_factory options:   flush_block_policy_factory: FlushBlockBySizePolicyFactory (000000001DDFEF30)
  cache_index_and_filter_blocks: 0
  pin_l0_filter_and_index_blocks_in_cache: 0
  index_type: 0
  hash_index_allow_collision: 1
  checksum: 1
  no_block_cache: 0
  block_cache: 000000001DE5AE00
  block_cache_size: 8388608
  block_cache_compressed: 0000000000000000
  block_size: 4096
  block_size_deviation: 10
  block_restart_interval: 16
  index_block_restart_interval: 1
  filter_policy: nullptr
  whole_key_filtering: 1
  skip_table_builder_flush: 0
  format_version: 2
2017/06/15-09:48:27.819364 10c0        Options.write_buffer_size: 67108864
2017/06/15-09:48:27.819378 10c0  Options.max_write_buffer_number: 2
2017/06/15-09:48:27.819391 10c0          Options.compression: NoCompression
2017/06/15-09:48:27.819404 10c0                  Options.bottommost_compression: Disabled
2017/06/15-09:48:27.819416 10c0       Options.prefix_extractor: nullptr
2017/06/15-09:48:27.819429 10c0             Options.num_levels: 7
2017/06/15-09:48:27.819440 10c0        Options.min_write_buffer_number_to_merge: 1
2017/06/15-09:48:27.819452 10c0     Options.max_write_buffer_number_to_maintain: 0
2017/06/15-09:48:27.819465 10c0            Options.compression_opts.window_bits: -14
2017/06/15-09:48:27.819478 10c0                  Options.compression_opts.level: -1
2017/06/15-09:48:27.819580 10c0               Options.compression_opts.strategy: 0
2017/06/15-09:48:27.819602 10c0         Options.compression_opts.max_dict_bytes: 0
2017/06/15-09:48:27.819615 10c0      Options.level0_file_num_compaction_trigger: 4
2017/06/15-09:48:27.819629 10c0          Options.level0_slowdown_writes_trigger: 20
2017/06/15-09:48:27.819642 10c0              Options.level0_stop_writes_trigger: 24
2017/06/15-09:48:27.819653 10c0                   Options.target_file_size_base: 67108864
2017/06/15-09:48:27.819666 10c0             Options.target_file_size_multiplier: 1
2017/06/15-09:48:27.819678 10c0                Options.max_bytes_for_level_base: 268435456
2017/06/15-09:48:27.819691 10c0 Options.level_compaction_dynamic_level_bytes: 0
2017/06/15-09:48:27.819703 10c0          Options.max_bytes_for_level_multiplier: 10
2017/06/15-09:48:27.819716 10c0 Options.max_bytes_for_level_multiplier_addtl[0]: 1
2017/06/15-09:48:27.819728 10c0 Options.max_bytes_for_level_multiplier_addtl[1]: 1
2017/06/15-09:48:27.819742 10c0 Options.max_bytes_for_level_multiplier_addtl[2]: 1
2017/06/15-09:48:27.819754 10c0 Options.max_bytes_for_level_multiplier_addtl[3]: 1
2017/06/15-09:48:27.819766 10c0 Options.max_bytes_for_level_multiplier_addtl[4]: 1
2017/06/15-09:48:27.819779 10c0 Options.max_bytes_for_level_multiplier_addtl[5]: 1
2017/06/15-09:48:27.819792 10c0 Options.max_bytes_for_level_multiplier_addtl[6]: 1
2017/06/15-09:48:27.819805 10c0       Options.max_sequential_skip_in_iterations: 8
2017/06/15-09:48:27.819817 10c0                    Options.max_compaction_bytes: 1677721600
2017/06/15-09:48:27.819829 10c0                        Options.arena_block_size: 8388608
2017/06/15-09:48:27.819842 10c0   Options.soft_pending_compaction_bytes_limit: 68719476736
2017/06/15-09:48:27.819855 10c0   Options.hard_pending_compaction_bytes_limit: 274877906944
2017/06/15-09:48:27.819867 10c0       Options.rate_limit_delay_max_milliseconds: 1000
2017/06/15-09:48:27.819879 10c0                Options.disable_auto_compactions: 0
2017/06/15-09:48:27.819891 10c0           Options.verify_checksums_in_compaction: 1
2017/06/15-09:48:27.819904 10c0                         Options.compaction_style: 0
2017/06/15-09:48:27.819916 10c0                           Options.compaction_pri: 0
2017/06/15-09:48:27.819929 10c0  Options.compaction_options_universal.size_ratio: 1
2017/06/15-09:48:27.819941 10c0 Options.compaction_options_universal.min_merge_width: 2
2017/06/15-09:48:27.819953 10c0 Options.compaction_options_universal.max_merge_width: 4294967295
2017/06/15-09:48:27.819966 10c0 Options.compaction_options_universal.max_size_amplification_percent: 200
2017/06/15-09:48:27.819979 10c0 Options.compaction_options_universal.compression_size_percent: -1
2017/06/15-09:48:27.819991 10c0 Options.compaction_options_fifo.max_table_files_size: 1073741824
2017/06/15-09:48:27.820004 10c0                   Options.table_properties_collectors: 
2017/06/15-09:48:27.820017 10c0                   Options.inplace_update_support: 0
2017/06/15-09:48:27.820029 10c0                 Options.inplace_update_num_locks: 10000
2017/06/15-09:48:27.820041 10c0               Options.min_partial_merge_operands: 2
2017/06/15-09:48:27.820053 10c0               Options.memtable_prefix_bloom_size_ratio: 0.000000
2017/06/15-09:48:27.820069 10c0   Options.memtable_huge_page_size: 0
2017/06/15-09:48:27.820082 10c0                           Options.bloom_locality: 0
2017/06/15-09:48:27.820095 10c0                    Options.max_successive_merges: 0
2017/06/15-09:48:27.820108 10c0                Options.optimize_filters_for_hits: 0
2017/06/15-09:48:27.820119 10c0                Options.paranoid_file_checks: 0
2017/06/15-09:48:27.820131 10c0                Options.force_consistency_checks: 0
2017/06/15-09:48:27.820144 10c0                Options.report_bg_io_stats: 0
2017/06/15-09:48:27.820276 10c0 --------------- Options for column family [metadata]:
2017/06/15-09:48:27.820296 10c0               Options.comparator: rocksdb.InternalKeyComparator:leveldb.BytewiseComparator
2017/06/15-09:48:27.820309 10c0           Options.merge_operator: None
2017/06/15-09:48:27.820327 10c0        Options.compaction_filter: None
2017/06/15-09:48:27.820343 10c0        Options.compaction_filter_factory: None
2017/06/15-09:48:27.820356 10c0         Options.memtable_factory: SkipListFactory
2017/06/15-09:48:27.820369 10c0            Options.table_factory: BlockBasedTable
2017/06/15-09:48:27.820423 10c0            table_factory options:   flush_block_policy_factory: FlushBlockBySizePolicyFactory (000000001DDFED30)
  cache_index_and_filter_blocks: 0
  pin_l0_filter_and_index_blocks_in_cache: 0
  index_type: 0
  hash_index_allow_collision: 1
  checksum: 1
  no_block_cache: 0
  block_cache: 000000001DE5AA40
  block_cache_size: 8388608
  block_cache_compressed: 0000000000000000
  block_size: 4096
  block_size_deviation: 10
  block_restart_interval: 16
  index_block_restart_interval: 1
  filter_policy: nullptr
  whole_key_filtering: 1
  skip_table_builder_flush: 0
  format_version: 2
2017/06/15-09:48:27.820443 10c0        Options.write_buffer_size: 67108864
2017/06/15-09:48:27.820456 10c0  Options.max_write_buffer_number: 2
2017/06/15-09:48:27.820467 10c0          Options.compression: NoCompression
2017/06/15-09:48:27.820480 10c0                  Options.bottommost_compression: Disabled
2017/06/15-09:48:27.820492 10c0       Options.prefix_extractor: nullptr
2017/06/15-09:48:27.820504 10c0             Options.num_levels: 7
2017/06/15-09:48:27.820516 10c0        Options.min_write_buffer_number_to_merge: 1
2017/06/15-09:48:27.820528 10c0     Options.max_write_buffer_number_to_maintain: 0
2017/06/15-09:48:27.820540 10c0            Options.compression_opts.window_bits: -14
2017/06/15-09:48:27.820550 10c0                  Options.compression_opts.level: -1
2017/06/15-09:48:27.820562 10c0               Options.compression_opts.strategy: 0
2017/06/15-09:48:27.820574 10c0         Options.compression_opts.max_dict_bytes: 0
2017/06/15-09:48:27.820587 10c0      Options.level0_file_num_compaction_trigger: 4
2017/06/15-09:48:27.820598 10c0          Options.level0_slowdown_writes_trigger: 20
2017/06/15-09:48:27.820611 10c0              Options.level0_stop_writes_trigger: 24
2017/06/15-09:48:27.820624 10c0                   Options.target_file_size_base: 67108864
2017/06/15-09:48:27.820636 10c0             Options.target_file_size_multiplier: 1
2017/06/15-09:48:27.820648 10c0                Options.max_bytes_for_level_base: 268435456
2017/06/15-09:48:27.820659 10c0 Options.level_compaction_dynamic_level_bytes: 0
2017/06/15-09:48:27.820669 10c0          Options.max_bytes_for_level_multiplier: 10
2017/06/15-09:48:27.820681 10c0 Options.max_bytes_for_level_multiplier_addtl[0]: 1
2017/06/15-09:48:27.820689 10c0 Options.max_bytes_for_level_multiplier_addtl[1]: 1
2017/06/15-09:48:27.820697 10c0 Options.max_bytes_for_level_multiplier_addtl[2]: 1
2017/06/15-09:48:27.820703 10c0 Options.max_bytes_for_level_multiplier_addtl[3]: 1
2017/06/15-09:48:27.820710 10c0 Options.max_bytes_for_level_multiplier_addtl[4]: 1
2017/06/15-09:48:27.820717 10c0 Options.max_bytes_for_level_multiplier_addtl[5]: 1
2017/06/15-09:48:27.820724 10c0 Options.max_bytes_for_level_multiplier_addtl[6]: 1
2017/06/15-09:48:27.820731 10c0       Options.max_sequential_skip_in_iterations: 8
2017/06/15-09:48:27.820737 10c0                    Options.max_compaction_bytes: 1677721600
2017/06/15-09:48:27.820744 10c0                        Options.arena_block_size: 8388608
2017/06/15-09:48:27.820751 10c0   Options.soft_pending_compaction_bytes_limit: 68719476736
2017/06/15-09:48:27.820758 10c0   Options.hard_pending_compaction_bytes_limit: 274877906944
2017/06/15-09:48:27.820765 10c0       Options.rate_limit_delay_max_milliseconds: 1000
2017/06/15-09:48:27.820771 10c0                Options.disable_auto_compactions: 0
2017/06/15-09:48:27.820778 10c0           Options.verify_checksums_in_compaction: 1
2017/06/15-09:48:27.820784 10c0                         Options.compaction_style: 0
2017/06/15-09:48:27.820791 10c0                           Options.compaction_pri: 0
2017/06/15-09:48:27.820797 10c0  Options.compaction_options_universal.size_ratio: 1
2017/06/15-09:48:27.820861 10c0 Options.compaction_options_universal.min_merge_width: 2
2017/06/15-09:48:27.820878 10c0 Options.compaction_options_universal.max_merge_width: 4294967295
2017/06/15-09:48:27.820891 10c0 Options.compaction_options_universal.max_size_amplification_percent: 200
2017/06/15-09:48:27.820902 10c0 Options.compaction_options_universal.compression_size_percent: -1
2017/06/15-09:48:27.820914 10c0 Options.compaction_options_fifo.max_table_files_size: 1073741824
2017/06/15-09:48:27.820927 10c0                   Options.table_properties_collectors: 
2017/06/15-09:48:27.820938 10c0                   Options.inplace_update_support: 0
2017/06/15-09:48:27.820949 10c0                 Options.inplace_update_num_locks: 10000
2017/06/15-09:48:27.820960 10c0               Options.min_partial_merge_operands: 2
2017/06/15-09:48:27.820972 10c0               Options.memtable_prefix_bloom_size_ratio: 0.000000
2017/06/15-09:48:27.820986 10c0   Options.memtable_huge_page_size: 0
2017/06/15-09:48:27.820998 10c0                           Options.bloom_locality: 0
2017/06/15-09:48:27.821011 10c0                    Options.max_successive_merges: 0
2017/06/15-09:48:27.821022 10c0                Options.optimize_filters_for_hits: 0
2017/06/15-09:48:27.821033 10c0                Options.paranoid_file_checks: 0
2017/06/15-09:48:27.821045 10c0                Options.force_consistency_checks: 0
2017/06/15-09:48:27.821056 10c0                Options.report_bg_io_stats: 0
2017/06/15-09:48:27.917183 10c0 Recovered from manifest file:C:\Users\jlanio\Geogig-Desktop\app\tmp\.\Rio_de_janeiro\.geogig\graph.rocksdb/MANIFEST-000047 succeeded,manifest_file_number is 47, next_file_number is 49, last_sequence is 5, log_number is 0,prev_log_number is 0,max_column_family is 1
2017/06/15-09:48:27.917221 10c0 Column family [default] (ID 0), log number is 46
2017/06/15-09:48:27.917231 10c0 Column family [metadata] (ID 1), log number is 46
2017/06/15-09:48:27.917895 10c0 EVENT_LOG_v1 {"time_micros": 1497538107917878, "job": 1, "event": "recovery_started", "log_files": [48]}
2017/06/15-09:48:27.917915 10c0 Recovering log #48 mode 2
2017/06/15-09:48:27.918028 10c0 Creating manifest 50
2017/06/15-09:48:28.194525 10c0 EVENT_LOG_v1 {"time_micros": 1497538108194497, "job": 1, "event": "recovery_finished"}
2017/06/15-09:48:28.368021 10c0 DB pointer 000000001DEF1020
